22265
35997
114889
126055
254976
325178
346594
435199
492661
560679
682260
738261
1027213
1101722
1119757
1199611
1243708
1288390
1525883
1917669
2109976
50484
120248
187407
104635
200621
258158
18784
31904
128705
43721
4053
19432
69905
126508
145797
158908
261054
315563
516666
588693
633822
686001
762593
854797
866396
965096
1003186
1067680
1112620
1169214
1295429
1358990
15565
60587
113085
146797
399655
563793
591786
614051
643487
93034
123804
178813
418515
554007
352475
439754
462759
485149
516138
691348
714621
814971
156014
442660
558727
623265
725610
760270
819055
900076
920623
961197
1138281
1149099
1167284
208634
286597
310534
348862
421831
519059
564617
623064
666565
752484
41954
122028
286951
367884
482611
503133
528140
74995
191640
210288
235476
466363
521836
178961
207475
349027
368027
400516
509283
533282
566205
591934
751513
36195
92974
120167
352040
441102
67698
702816
749740
797685
827129
17918
45931
91994
270797
282542
320745
282071
424784
161884
253634
326063
338593
355807
460700
547874
585686
240048
328820
24951
109767
253809
343294
371352
431300
446586
587867
625349
657270
725317
786252
305038
334640
55976
136777
226551
438010
556083
569480
85867
160231
192762
538944
558106
313987
15188
192107
348286
385053
504787
590651
600967
692739
108601
130297
186246
304142
443008
545573
577772
598023
25353
247516
319816
103707
228541
322523
365005
428942
182190
332155
343008
365189
391223
460566
111909
129117
194550
260128
458576
74768
276761
371974
416050
87059
150199
194757
235087
260637
276742
288687
338997
34719
54664
287888
304508
61042
81883
387445
61028
171146
232036
425279
470365
566827
593186
737717
859326
130344
360682
221376
252605
332820
449296
478155
530401
563629
610583
11964
41682
210448
436019
461061
473944
124342
150889
295750
551338
771395
840702
862378
929340
1005335
1147386
19369
200033
325423
29563
170055
285871
360688
150240
332143
52755
79649
90378
171830
308520
431067
446102
488249
120172
149134
255623
412986
429516
8847
83793
174239
388894
404808
529216
573209
593846
713073
747593
140425
187655
294155
308145
337593
488911
544868
665654
120726
466887
478998
555608
9590
131543
338803
360595
404874
441206
483023
71693
117364
244075
254185
270891
302395
398525
83915
228522
60493
82107
110810
198203
211896
240191
336368
356663
449550
480278
79155
178449
204278
235431
277448
51107
312884
391623
100128
239848
309674
420340
322755
483265
518907
543588
644612
684567
21602
53147
69510
112551
182364
4505
54829
186737
326915
347201
375311
410209
86932
266759
87149
282673
229368
276089
68044
157871
168715
265648
71932
123277
188977
359377
175144
347982
55277
91430
114768
183463
241356
323574
354472
392195
422620
494440
114481
178940
258821
387832
19529
102251
129405
185789
234892
277713
318508
350002
368180
121164
296924
368774
52376
69416
200369
225838
278979
376119
403883
579751
15283
50825
181836
368005
397334
22606
157443
21490
96774
159142
199917
179686
231386
323196
379320
80060
177521
213903
280068
36801
83424
137638
193602
251422
271947
96940
139441
199448
428269
58744
218841
293933
411532
9186
21133
102078
125837
192251
267865
331196
704609
71552
14227
78705
149956
32297
64269
130484
287739
330805
391728
143030
158397
174419
239855
317844
362951
51809
282490
61115
185448
254999
165165
412342
432814
452136
54600
89841
114023
182888
262146
314056
397544
434153
46705
178009
152736
248407
45644
58579
84752
292945
324484
491058
7834
79265
11881
29607
86651
206916
22808
99056
117723
285698
128171
262929
278867
308794
55399
200989
263631
65196
114546
183947
208180
115445
278414
492738
57397
150253
235424
271595
27783
98068
129326
298201
194564
252495
266676
398437
474360
514914
611505
7318
118722
138820
161432
245930
211686
242148
8452
93098
150223
199463
270618
459139
478145
25799
77872
89516
166245
208720
252098
304838
16632
265672
307523
401
36280
108387
147438
175120
229346
255288
346326
401865
94342
125144
178351
223648
40172
92486
152370
119004
114435
167760
245858
152387
20161
218097
273231
374108
147649
225967
234772
70095
113886
221105
321230
345766
11147
26952
80402
205858
245865
77284
171960
20099
61693
98338
211676
29157
60293
107640
146042
397802
54400
110163
159778
302153
360003
34174
68703
106501
180610
191328
206134
100905
125373
155825
85597
159512
185247
204478
273482
292372
181981
228242
245054
8044
86836
198661
367230
90089
166447
184428
22033
143473
215217
261864
77403
89388
131876
291308
32650
155262
235904
7113
113485
193440
52354
181291
243892
261381
275080
19024
30872
264646
286137
88700
164600
224329
296464
145249
253495
165015
53332
185282
219772
295224
109122
204739
216025
51671
120696
136692
79767
163285
15682
38604
53524
74947
191317
16219
93997
194668
234051
274703
364993
382518
135895
149074
233584
7339
154775
168829
184388
35880
82325
116813
168920
231799
341736
355233
407745
12878
53894
276048
15767
89609
106233
307405
67412
121893
134051
21006
6525
39373
85028
128772
148847
335441
396972
535373
31109
40218
58618
100743
321668
411275
79213
75872
100939
214607
15678
74747
169422
239716
45472
12861
199235
157701
188065
234646
24508
49749
96343
135998
7252
65586
99385
128317
63033
85371
224411
288320
317290
333270
363287
87278
259889
180725
207559
116993
178597
188955
257711
9270
118142
158219
49464
119528
171963
228239
284451
368800
475195
60533
400334
454738
87271
202001
222653
167721
365028
402828
135678
231463
6421
21181
129404
32187
43482
94634
133939
41452
84364
137588
19300
49114
81567
152106
53965
152724
193952
215957
285796
386183
234708
19832
42965
70442
107093
225177
245511
258245
292670
103667
124915
152421
243282
96873
137505
33037
64507
144580
159809
49507
100205
115967
228114
261383
182488
11387
27983
40383
143918
275803
400857
60724
106858
134583
205177
223006
325874
2531
127002
144197
32778
243653
342112
401787
4533
52068
149925
89131
124626
164881
258635
10672
38559
146677
32400
139686
43870
2382
40692
79676
11369
33757
57024
72829
37722
244108
314511
329163
70409
115550
152776
62678
134341
158722
20214
268140
295184
39453
51493
71048
76086
87881
309747
83359
133570
150049
204115
9149
224247
21374
32633
57580
134754
213630
277714
158795
58060
104871
204843
70197
95416
18708
36654
67315
176934
117578
172071
205923
166908
59634
86354
6515
87312
124170
145941
165629
154808
161621
172650
196553
223548
164306
249323
86181
96315
115142
128878
59798
128042
197202
135415
183720
202930
230460
116947
265839
70772
92671
105136
56159
189336
200427
6044
150258
242090
118309
139876
184209
304969
496841
525004
40269
147449
21458
51379
172859
22494
260605
301321
77716
97806
162505
206327
220276
18571
48351
105048
83772
36857
72423
131126
168208
261009
157838
172408
134288
262396
113040
224592
80767
99804
13875
44753
8692
38207
48563
167623
261585
278118
82466
164042
51509
143777
175474
1229
192685
103207
132034
245675
43180
228540
272794
25583
50580
141990
230224
87701
66473
140550
75913
15766
54257
69884
94139
17438
79962
91578
115172
152911
191675
12249
102644
136725
20777
35837
51333
110546
125035
257778
30209
53833
136764
165524
125268
83209
34584
93236
217701
33878
57861
82491
71628
119031
4911
165327
477
54448
129703
46874
83993
107011
46926
67676
31081
42649
24234
83201
192837
125240
10365
46131
144407
202085
247308
20075
63803
112294
28350
156002
55310
126866
90078
55171
66553
73070
166063
57053
208194
118576
86437
136190
160333
1502
13674
125242
136002
16778
30874
75268
97258
255933
84081
114011
6273
42723
129308
31839
113372
105924
150350
42145
38145
25112
36838
69941
53740
217662
272529
186083
17924
58790
134647
13423
60279
113108
149732
13923
159151
49984
135033
213904
1595
48193
61959
74065
104803
26306
32424
47143
31392
104166
134981
239012
81952
27864
168047
215267
272096
8374
81989
102844
103366
218918
60773
190051
330178
16164
131570
51448
145865
15775
75940
132079
150199
273545
93487
14533
34962
151529
188280
209857
294204
343367
44753
138670
31700
194817
73947
10369
164559
56707
78389
143374
105790
140231
179419
64153
12632
41046
74180
86803
60970
105519
226861
9405
43705
56838
77648
116706
138984
44659
92179
5716
45515
113486
4223
48847
120166
197056
104182
212507
13737
56354
94202
125824
110826
135617
65029
2590
14161
48755
166998
36863
70664
108114
158872
17922
165615
183622
36033
47718
143654
172293
110812
26329
160665
181548
1667
122508
154047
17150
43357
15314
77761
9420
160688
55918
101753
149782
45743
43141
67892
100225
22101
98911
49436
98240
10224
62953
74693
92424
87081
179022
141812
7062
56958
188523
30213
172889
113137
15036
51893
160733
210115
41211
60666
107187
24016
3821
1060
1408
93555
38249
163988
44651
49754
69023
64792
87365
104559
19892
69972
80108
95539
126714
163501
20985
61981
102901
31671
54065
142818
211730
244789
111137
22224
98752
33782
115139
154682
41427
108558
16752
79933
103971
29566
95085
201724
279621
90621
122591
181568
2985
144559
47309
113935
86654
92223
123769
148922
11969
49765
91816
100309
29416
123924
176160
205798
59787
94594
125516
142500
39649
65502
35995
84133
124348
65520
57117
178489
168644
117390
102053
66430
71353
31588
103965
159370
51734
73272
63102
114927
96014
175392
92155
148140
60816
77099
120184
252689
38605
75778
64417
88471
161353
31713
82041
12027
72320
15236
86884
43346
11742
210811
236712
253138
5889
149550
24575
187078
10629
109461
35323
158776
80772
173999
112473
19454
32502
51120
69967
62229
108305
9667
61964
19723
38099
72194
126532
137600
251682
267552
136697
18573
57236
165664
122
59908
62812
118245
106570
33869
48508
112785
83891
153891
96284
136699
21707
41640
95204
49256
20031
62692
136548
6852
25127
111243
18613
10086
3430
35146
48919
102334
89164
45238
134446
3414
34761
109669
39609
104779
120646
20856
30890
80852
15827
20488
83378
130533
130986
20121
127811
164254
259792
122172
58989
65238
91451
11177
73180
95366
124622
10367
85247
123151
16923
84756
101685
120684
63940
50311
83879
32647
76321
91980
176467
186625
119595
55841
132501
19270
69739
42923
114120
162950
205233
92515
47346
13073
15631
149886
51652
194348
51963
75225
98904
110998
21645
70079
85846
35164
17419
67056
123770
81107
105826
175756
198870
91466
632
88562
54049
43743
68266
83714
165800
133856
34625
29228
95575
15086
39547
118690
186403
19871
30095
118908
148386
5731
26237
45988
94886
119815
33248
83482
97968
48597
64375
130233
6126
57591
44346
42709
74625
132238
96863
48114
111098
16347
93228
19458
66575
96242
204376
24389
11307
147874
59466
73812
76579
64084
57927
91257
57682
93357
106124
52737
67839
119144
72788
29112
141800
10989
82207
124441
94273
103659
38525
61648
205784
11857
124679
79048
133384
144009
15190
96509
148368
178532
220148
40834
118927
88803
4855
20669
96650
88722
101959
144807
77897
65022
130538
142287
160435
41772
20241
72997
19531
57130
21640
30664
83668
14082
9094
112057
288192
31348
61622
7000
88228
134731
66268
122881
137080
168125
69013
148263
64236
146214
16212
50234
79743
22785
33654
106963
203660
36740
65246
105448
43262
106663
43775
60084
4854
56310
19085
81240
76876
112574
60481
7980
134868
19814
16310
43309
64926
105847
26240
122891
138923
149321
160619
55410
17630
42157
11625
81186
95382
114342
194185
66508
101090
17388
41528
83177
25324
42352
94634
51867
19248
26482
44875
89521
45472
220040
71440
24959
138309
5459
49719
70177
42333
70797
50033
120329
53487
71619
25009
11859
142946
19046
129591
17453
37595
55230
126375
20899
73845
16683
59273
11236
98593
66727
111570
8859
70271
31906
80407
146808
32979
16342
22861
149915
18696
80734
102351
16439
37875
58306
158901
149630
3703
80526
11435
101528
145333
37179
109605
85665
100363
31214
86344
20536
36987
67530
31270
82269
63624
57356
43393
16274
42998
57409
86905
105172
130591
66147
112373
24193
55558
77347
108751
58418
4039
34777
48450
108902
38084
5545
60562
15168
137977
176260
41028
73459
124354
61219
46350
65657
109422
132300
5393
13222
29518
79463
8576
77167
171136
1370
77256
16379
23170
84422
24216
81300
88957
112730
83044
24075
70866
121693
138354
99793
125326
143190
214313
9533
24938
177560
28285
40464
64928
29779
67835
78337
42818
98371
59891
71108
150938
166400
12842
124580
151944
209251
50573
64096
44884
61253
82398
14460
85043
35230
26791
74847
93358
127022
207612
277297
50889
61355
99900
26931
67912
8613
21431
53720
34828
53108
34867
186
80947
119471
27013
504
76231
87739
99426
138525
81783
103976
125781
218269
17048
62170
66654
73201
77016
19008
29834
84484
11658
30760
48275
24204
80311
22670
47646
58913
101604
58780
89788
41933
14066
124906
10520
33995
15272
50244
38705
72926
43724
19388
103342
43553
12300
42765
758
41273
58535
16793
24520
79101
25574
94012
20751
115338
91926
4920
27793
72325
107156
10454
20600
54224
64504
91845
41943
65527
108316
10838
92369
4386
18839
34190
57293
98024
110775
38899
57632
68975
62896
62679
74526
83937
12307
29551
63891
13778
18427
71684
47147
612
44172
124513
157880
36203
49995
2856
27540
54268
34769
82993
45544
2548
89050
50603
93112
18252
41055
34505
29153
26751
194647
1326
28973
13554
25270
5552
72547
29162
161746
27801
18805
11657
91389
58618
80991
4890
56548
43967
67924
40498
54868
86504
107680
26533
57519
11213
28508
35392
114714
56303
43808
7572
14403
43881
9072
47334
40830
78675
44909
105613
116189
52829
31222
17862
56188
66763
77489
16811
21820
40537
79675
6578
24502
37939
35538
64159
49140
56189
54244
37374
8089
76051
652
36376
53901
64572
61566
15720
54640
31630
19843
85891
61439
252
9148
5543
72543
101241
193550
24089
68764
19900
48763
22850
43670
37118
58384
77004
24419
57795
31602
30487
43682
14909
49992
36876
38044
76158
66120
82468
21937
47783
4336
48276
8640
36286
26082
6200
57608
75558
15165
47559
35693
64368
11321
24846
45820
16393
108578
103015
58712
41457
131869
24379
11094
84920
15093
25856
15966
48937
41893
113135
28918
4311
71891
61968
5584
29441
14086
36343
48757
72368
21539
34243
2626
27544
45601
12709
3018
22791
77853
49356
48272
28890
21294
71772
8459
50587
1463
23051
23717
103737
129997
91902
60407
92578
104231
54623
58197
32276
68122
39812
21753
56047
138474
43685
34545
59719
11425
57185
77092
2719
45646
49122
20059
24707
37909
33809
61273
17983
14250
25940
13791
85815
43589
31929
62310
78485
37595
82830
93500
37331
6334
25970
83218
147909
48736
12805
65292
9344
5545
4442
38073
48705
22653
26382
79841
54856
127022
10428
67406
142086
46273
33359
17661
54576
971
51205
37974
86443
147227
88373
61246
27791
57141
40313
20044
42309
47057
165726
186949
42315
2462
33669
64512
112332
20492
37035
23324
87209
27565
45201
748
35036
28677
14472
68162
7541
33314
38163
13055
51270
40952
19233
35317
14384
36730
37306
2948
20535
112737
152181
23565
80601
136895
159070
21097
39920
6972
13329
28188
6969
18147
46427
93421
13810
4812
61857
77020
20076
106569
7404
29651
567
58395
84256
23507
54395
2877
30647
45631
6911
38742
46604
6747
56923
26593
36118
24231
50886
9044
30825
16230
35021
32975
27437
35887
49456
4380
7929
40761
12213
43651
18710
34497
32366
45520
235007
315598
13073
49643
59887
84582
6390
16239
44997
63042
7652
46295
75025
107688
119419
6837
2682
29423
36672
30557
46794
27826
28480
53358
12131
62227
29535
60755
46865
8380
7185
55701
39575
54834
11704
37290
28768
32460
42566
58050
26445
35999
14851
10694
25335
28534
31461
229
33060
30314
164
11686
62
33570
31882
27021
15984
2075
24406
39571
21108
29627
11371
16784
37496
26889
38052
17802
42123
721
3944
17253
19541
45915
50220
61970
20113
32262
7285
25503
5963
23939
5051
46174
9882
33146
20633
25818
4891
18075
28202
4739
17594
5216
3309
18379
32245
50634
96815
33116
12940
44012
892
53558
78317
21779
239
6925
7757
4505
156227
31958
28078
38647
11488
16504
20268
7537
18440
29592
24810
40489
1352
19696
41248
31277
17128
2086
34209
2045
65078
39001
56418
57377
9716
20016
3288
16541
73758
158443
51374
6142
9718
140
10383
41293
22036
21264
62826
51593
13864
13653
23786
29477
8602
141
6709
17573
42223
6483
15559
9617
22295
36238
13065
58103
21429
2519
6894
6611
6430
15200
5678
16132
14562
25591
3014
1602
10500
5985
31227
40201
10037
34075
4936
23303
13169
6647
11821
7196
17825
4021
25677
16110
29016
64693
22980
31368
2775
40547
10974
9141
17275
14524
14758
22305
10143
2170
9887
10508
35034
47068
3639
15556
5802
11651
13512
2548
14661
7751
5551
9420
35470
35483
14383
9515
13749
8968
4813
17004
15319
3386
36262
4745
13048
3977
2358
8480
5784
42821
1865
33320
4793
19539
8287
4010
30360
3250
5868
4775
6722
8669
28584
6261
16099
1070
20416
10479
2936
9794
4888
422
11864
220
3154
10834
14196
10801
15
15266
6808
3694
5339
5019
25305
13293
32540
1204
13573
3839
13458
30051
41664
24786
3061
15958
8135
11043
16909
29764
11501
1806
6397
3048
9467
14307
764
11190
6299
7437
1206
977
1159
1402
9136
10630
22544
22872
9748
11680
59282
6708
14781
6865
3306
3581
3654
375
1130
1755
8082
482
5098
3455
5439
5278
4662
10528
12650
24380
1048
2387
1248
2134
7463
20179
3946
17088
886
6127
2054
4356
4995
10001
18759
1799
973
3821
10512
6332
1172
10240
3368
353
4109
2170
165
97
1500
2904
540
780
623
2603
6029
911
322
199
741
199
13789
35386
192
276
2774
955
5880
2447
1381
665
560
641
6424
401
563
1372
226
1040
247
2547
942
866
580
174
1143
956
1397
1278
5105
2638
611
3772
816
791
570
168
234
188
1177
1092
931
611
1703
235
8051
340
28486
